variables: TrueIsFHC TruePDG TrueE TrueE
1 12 0.0 0.2
1 12 0.2 0.4
1 12 0.4 0.6
1 12 0.6 0.8
1 12 0.8 1.0
1 12 1.0 1.5
1 12 1.5 2.0
1 12 2.0 2.5
1 12 2.5 3.0
1 12 3.0 3.5
1 12 3.5 4.0
1 12 4.0 6.0
1 12 6.0 8.0
1 12 8.0 12.0
1 -12 0.0 0.2
1 -12 0.2 0.4
1 -12 0.4 0.6
1 -12 0.6 0.8
1 -12 0.8 1.0
1 -12 1.0 1.5
1 -12 1.5 2.0
1 -12 2.0 2.5
1 -12 2.5 3.0
1 -12 3.0 3.5
1 -12 3.5 4.0
1 -12 4.0 6.0
1 -12 6.0 8.0
1 -12 8.0 12.0
1 14 0.0 0.2
1 14 0.2 0.4
1 14 0.4 0.6
1 14 0.6 0.8
1 14 0.8 1.0
1 14 1.0 1.5
1 14 1.5 2.0
1 14 2.0 2.5
1 14 2.5 3.0
1 14 3.0 3.5
1 14 3.5 4.0
1 14 4.0 6.0
1 14 6.0 8.0
1 14 8.0 12.0
1 14 12.0 20.0
1 -14 0.0 0.2
1 -14 0.2 0.4
1 -14 0.4 0.6
1 -14 0.6 0.8
1 -14 0.8 1.0
1 -14 1.0 1.5
1 -14 1.5 2.0
1 -14 2.0 2.5
1 -14 2.5 3.0
1 -14 3.0 3.5
1 -14 3.5 4.0
1 -14 4.0 6.0
1 -14 6.0 8.0
1 -14 8.0 12.0
1 -14 12.0 20.0
0 12 0.0 0.2
0 12 0.2 0.4
0 12 0.4 0.6
0 12 0.6 0.8
0 12 0.8 1.0
0 12 1.0 1.5
0 12 1.5 2.0
0 12 2.0 2.5
0 12 2.5 3.0
0 12 3.0 3.5
0 12 3.5 4.0
0 12 4.0 6.0
0 12 6.0 8.0
0 12 8.0 12.0
0 -12 0.0 0.2
0 -12 0.2 0.4
0 -12 0.4 0.6
0 -12 0.6 0.8
0 -12 0.8 1.0
0 -12 1.0 1.5
0 -12 1.5 2.0
0 -12 2.0 2.5
0 -12 2.5 3.0
0 -12 3.0 3.5
0 -12 3.5 4.0
0 -12 4.0 6.0
0 -12 6.0 8.0
0 -12 8.0 12.0
0 14 0.0 0.2
0 14 0.2 0.4
0 14 0.4 0.6
0 14 0.6 0.8
0 14 0.8 1.0
0 14 1.0 1.5
0 14 1.5 2.0
0 14 2.0 2.5
0 14 2.5 3.0
0 14 3.0 3.5
0 14 3.5 4.0
0 14 4.0 6.0
0 14 6.0 8.0
0 14 8.0 12.0
0 14 12.0 20.0
0 -14 0.0 0.2
0 -14 0.2 0.4
0 -14 0.4 0.6
0 -14 0.6 0.8
0 -14 0.8 1.0
0 -14 1.0 1.5
0 -14 1.5 2.0
0 -14 2.0 2.5
0 -14 2.5 3.0
0 -14 3.0 3.5
0 -14 3.5 4.0
0 -14 4.0 6.0
0 -14 6.0 8.0
0 -14 8.0 12.0
0 -14 12.0 20.0
