variables: TrueIsFHC TruePDG TrueE TrueE
1 12 0.0 0.1
1 12 0.1 0.2
1 12 0.2 0.3
1 12 0.3 0.4
1 12 0.4 0.5
1 12 0.5 0.6
1 12 0.6 0.7
1 12 0.7 0.8
1 12 0.8 0.9
1 12 0.9 1.0
1 12 1.0 1.1
1 12 1.1 1.2
1 12 1.2 1.3
1 12 1.3 1.4
1 12 1.4 1.5
1 12 1.5 1.6
1 12 1.6 1.7
1 12 1.7 1.8
1 12 1.8 1.9
1 12 1.9 2.0
1 12 2.0 2.5
1 12 2.5 3.0
1 12 3.0 12.0
1 -12 0.0 0.1
1 -12 0.1 0.2
1 -12 0.2 0.3
1 -12 0.3 0.4
1 -12 0.4 0.5
1 -12 0.5 0.6
1 -12 0.6 0.7
1 -12 0.7 0.8
1 -12 0.8 0.9
1 -12 0.9 1.0
1 -12 1.0 1.1
1 -12 1.1 1.2
1 -12 1.2 1.3
1 -12 1.3 1.4
1 -12 1.4 1.5
1 -12 1.5 1.6
1 -12 1.6 1.7
1 -12 1.7 1.8
1 -12 1.8 1.9
1 -12 1.9 2.0
1 -12 2.0 2.5
1 -12 2.5 3.0
1 -12 3.0 12.0
1 14 0.0 0.1
1 14 0.1 0.2
1 14 0.2 0.3
1 14 0.3 0.4
1 14 0.4 0.5
1 14 0.5 0.6
1 14 0.6 0.7
1 14 0.7 0.8
1 14 0.8 0.9
1 14 0.9 1.0
1 14 1.0 1.1
1 14 1.1 1.2
1 14 1.2 1.3
1 14 1.3 1.4
1 14 1.4 1.5
1 14 1.5 1.6
1 14 1.6 1.7
1 14 1.7 1.8
1 14 1.8 1.9
1 14 1.9 2.0
1 14 2.0 2.1
1 14 2.1 2.2
1 14 2.2 2.3
1 14 2.3 2.4
1 14 2.4 2.5
1 14 2.5 2.6
1 14 2.6 2.7
1 14 2.7 2.8
1 14 2.8 2.9
1 14 2.9 3.0
1 14 3.0 3.2
1 14 3.2 3.4
1 14 3.4 3.6
1 14 3.6 3.8
1 14 3.8 4.0
1 14 4.0 4.5
1 14 4.5 5.0
1 14 5.0 5.5
1 14 5.5 6.0
1 14 6.0 20.0
1 -14 0.0 0.1
1 -14 0.1 0.2
1 -14 0.2 0.3
1 -14 0.3 0.4
1 -14 0.4 0.5
1 -14 0.5 0.6
1 -14 0.6 0.7
1 -14 0.7 0.8
1 -14 0.8 0.9
1 -14 0.9 1.0
1 -14 1.0 1.1
1 -14 1.1 1.2
1 -14 1.2 1.3
1 -14 1.3 1.4
1 -14 1.4 1.5
1 -14 1.5 1.6
1 -14 1.6 1.7
1 -14 1.7 1.8
1 -14 1.8 1.9
1 -14 1.9 2.0
1 -14 2.0 2.1
1 -14 2.1 2.2
1 -14 2.2 2.3
1 -14 2.3 2.4
1 -14 2.4 2.5
1 -14 2.5 2.6
1 -14 2.6 2.7
1 -14 2.7 2.8
1 -14 2.8 2.9
1 -14 2.9 3.0
1 -14 3.0 3.2
1 -14 3.2 3.4
1 -14 3.4 3.6
1 -14 3.6 3.8
1 -14 3.8 4.0
1 -14 4.0 4.5
1 -14 4.5 5.0
1 -14 5.0 5.5
1 -14 5.5 6.0
1 -14 6.0 20.0
0 12 0.0 0.1
0 12 0.1 0.2
0 12 0.2 0.3
0 12 0.3 0.4
0 12 0.4 0.5
0 12 0.5 0.6
0 12 0.6 0.7
0 12 0.7 0.8
0 12 0.8 0.9
0 12 0.9 1.0
0 12 1.0 1.1
0 12 1.1 1.2
0 12 1.2 1.3
0 12 1.3 1.4
0 12 1.4 1.5
0 12 1.5 1.6
0 12 1.6 1.7
0 12 1.7 1.8
0 12 1.8 1.9
0 12 1.9 2.0
0 12 2.0 2.5
0 12 2.5 3.0
0 12 3.0 12.0
0 -12 0.0 0.1
0 -12 0.1 0.2
0 -12 0.2 0.3
0 -12 0.3 0.4
0 -12 0.4 0.5
0 -12 0.5 0.6
0 -12 0.6 0.7
0 -12 0.7 0.8
0 -12 0.8 0.9
0 -12 0.9 1.0
0 -12 1.0 1.1
0 -12 1.1 1.2
0 -12 1.2 1.3
0 -12 1.3 1.4
0 -12 1.4 1.5
0 -12 1.5 1.6
0 -12 1.6 1.7
0 -12 1.7 1.8
0 -12 1.8 1.9
0 -12 1.9 2.0
0 -12 2.0 2.5
0 -12 2.5 3.0
0 -12 3.0 12.0
0 14 0.0 0.1
0 14 0.1 0.2
0 14 0.2 0.3
0 14 0.3 0.4
0 14 0.4 0.5
0 14 0.5 0.6
0 14 0.6 0.7
0 14 0.7 0.8
0 14 0.8 0.9
0 14 0.9 1.0
0 14 1.0 1.1
0 14 1.1 1.2
0 14 1.2 1.3
0 14 1.3 1.4
0 14 1.4 1.5
0 14 1.5 1.6
0 14 1.6 1.7
0 14 1.7 1.8
0 14 1.8 1.9
0 14 1.9 2.0
0 14 2.0 2.1
0 14 2.1 2.2
0 14 2.2 2.3
0 14 2.3 2.4
0 14 2.4 2.5
0 14 2.5 2.6
0 14 2.6 2.7
0 14 2.7 2.8
0 14 2.8 2.9
0 14 2.9 3.0
0 14 3.0 3.2
0 14 3.2 3.4
0 14 3.4 3.6
0 14 3.6 3.8
0 14 3.8 4.0
0 14 4.0 4.5
0 14 4.5 5.0
0 14 5.0 5.5
0 14 5.5 6.0
0 14 6.0 20.0
0 -14 0.0 0.1
0 -14 0.1 0.2
0 -14 0.2 0.3
0 -14 0.3 0.4
0 -14 0.4 0.5
0 -14 0.5 0.6
0 -14 0.6 0.7
0 -14 0.7 0.8
0 -14 0.8 0.9
0 -14 0.9 1.0
0 -14 1.0 1.1
0 -14 1.1 1.2
0 -14 1.2 1.3
0 -14 1.3 1.4
0 -14 1.4 1.5
0 -14 1.5 1.6
0 -14 1.6 1.7
0 -14 1.7 1.8
0 -14 1.8 1.9
0 -14 1.9 2.0
0 -14 2.0 2.1
0 -14 2.1 2.2
0 -14 2.2 2.3
0 -14 2.3 2.4
0 -14 2.4 2.5
0 -14 2.5 2.6
0 -14 2.6 2.7
0 -14 2.7 2.8
0 -14 2.8 2.9
0 -14 2.9 3.0
0 -14 3.0 3.2
0 -14 3.2 3.4
0 -14 3.4 3.6
0 -14 3.6 3.8
0 -14 3.8 4.0
0 -14 4.0 4.5
0 -14 4.5 5.0
0 -14 5.0 5.5
0 -14 5.5 6.0
0 -14 6.0 20.0
